[gd_scene load_steps=13 format=3 uid="uid://dsbvdypk28rv7"]

[ext_resource type="ArrayMesh" uid="uid://be5mc6mdhoaei" path="res://lock.obj" id="1_38jmk"]
[ext_resource type="Script" path="res://lock.gd" id="1_ty75s"]
[ext_resource type="FontFile" uid="uid://bn5mm6wpu4cc3" path="res://Roboto-Black.ttf" id="2_4er35"]
[ext_resource type="Script" path="res://lock_code.gd" id="3_7huvo"]

[sub_resource type="PhysicsMaterial" id="PhysicsMaterial_gdqyg"]
friction = 0.5
bounce = 0.4

[sub_resource type="StandardMaterial3D" id="StandardMaterial3D_6lhjq"]
resource_local_to_scene = true
albedo_color = Color(0.0427028, 0.147108, 0.238804, 1)

[sub_resource type="StandardMaterial3D" id="StandardMaterial3D_81k8h"]
albedo_color = Color(0.497474, 0.497474, 0.497474, 1)
metallic = 0.4
roughness = 0.3

[sub_resource type="ConvexPolygonShape3D" id="ConvexPolygonShape3D_25l8i"]
points = PackedVector3Array(-2.72527, -1.59765, -0.729736, -2.79326, -1.67651, 0.709799, 2.80262, -1.66423, 0.707049, 2.67241, -1.75284, -0.739747, -2.34122, 1.78878, -0.82045, -2.7524, 1.79597, 0.699182, 2.69803, 1.79003, -0.71747, 2.47191, 1.78908, 0.784145, -0.86277, 4.85055, -0.400794, -2.36352, -2.0422, 0.715732, -0.340964, 5.21285, 0.157033, 2.34707, -1.98674, -0.742077, 2.30972, -1.71025, -0.8402, -2.29546, -1.82842, 0.804784, 0.230942, 5.11621, -0.405907, 2.35592, 1.78825, -0.818483, -2.6881, 1.79083, -0.720074, -2.32712, -1.98674, -0.742077, 2.3154, -1.82842, 0.804784, 2.76234, 1.79517, 0.69658, -2.39779, 1.88866, 0.766476, 1.06565, 4.86069, 0.157033, -1.16288, 4.74306, 0.157033, -2.28978, -1.71025, -0.8402, 2.37859, -2.03478, 0.714225, 0.980285, 4.70312, -0.39613, 2.73463, -1.58537, -0.726984, 0.361483, 5.21285, 0.157033, -1.5363, 4.00574, -0.294876, 0.903856, 4.92784, -0.298047, -0.665172, 5.0686, -0.300363, -0.927964, 4.97832, 0.157033)

[sub_resource type="CylinderShape3D" id="CylinderShape3D_1dw0p"]
height = 0.917
radius = 0.846

[sub_resource type="StandardMaterial3D" id="StandardMaterial3D_4hnvy"]
resource_local_to_scene = true
albedo_color = Color(0.840042, 0.811195, 0.798764, 1)

[sub_resource type="StandardMaterial3D" id="StandardMaterial3D_dtxjm"]
resource_local_to_scene = true
albedo_color = Color(0.840042, 0.811195, 0.798764, 1)

[sub_resource type="BoxShape3D" id="BoxShape3D_uafy2"]
size = Vector3(0.640503, 0.798218, 0.200317)

[node name="LockBody" type="RigidBody3D" groups=["holdable", "inspectable"]]
mass = 0.5
physics_material_override = SubResource("PhysicsMaterial_gdqyg")
freeze = true
max_contacts_reported = 1
linear_damp = 1.0
angular_damp = 1.0
script = ExtResource("1_ty75s")

[node name="Lock" type="MeshInstance3D" parent="."]
transform = Transform3D(0.11, 0, 0, 0, 0.11, 0, 0, 0, 0.11, 0, 0, 0)
mesh = ExtResource("1_38jmk")
surface_material_override/0 = SubResource("StandardMaterial3D_6lhjq")
surface_material_override/1 = SubResource("StandardMaterial3D_81k8h")

[node name="CollisionShape3D2" type="CollisionShape3D" parent="."]
transform = Transform3D(0.11, 0, 0, 0, 0.11, 0, 0, 0, 0.11, 0, 0, 0)
shape = SubResource("ConvexPolygonShape3D_25l8i")

[node name="LockCode" type="StaticBody3D" parent="."]
transform = Transform3D(0.11, 0, 0, 0, 0.11, 0, 0, 0, 0.11, 0, 0.0609591, 0.0120581)
script = ExtResource("3_7huvo")

[node name="CollisionShape3D" type="CollisionShape3D" parent="LockCode"]
transform = Transform3D(-4.37114e-08, -1, 0, 1, -4.37114e-08, 0, 0, 0, 1, -1.52, -1.5, -0.345)
shape = SubResource("CylinderShape3D_1dw0p")
disabled = true

[node name="CSGCylinder3D" type="CSGCylinder3D" parent="LockCode/CollisionShape3D"]
transform = Transform3D(1, -8.74228e-08, 3.82137e-15, -8.74228e-08, -1, 8.74228e-08, -3.82137e-15, -8.74228e-08, -1, 0, 0, 0)
radius = 0.846
height = 0.917
sides = 10
material = SubResource("StandardMaterial3D_4hnvy")

[node name="0" type="Label3D" parent="LockCode/CollisionShape3D/CSGCylinder3D"]
transform = Transform3D(-4.37114e-08, 1, 0, -1, -4.37114e-08, 0, 0, 0, 1, 0, 0, 0.822654)
pixel_size = 0.012
modulate = Color(0, 0, 0, 1)
text = "0"
font = ExtResource("2_4er35")
font_size = 64
outline_size = 0

[node name="1" type="Label3D" parent="LockCode/CollisionShape3D/CSGCylinder3D"]
transform = Transform3D(-3.53633e-08, 0.809017, -0.587785, -1, -4.37114e-08, 0, -2.56929e-08, 0.587785, 0.809017, -0.483253, 0, 0.649188)
pixel_size = 0.012
modulate = Color(0, 0, 0, 1)
text = "1"
font = ExtResource("2_4er35")
font_size = 64
outline_size = 0

[node name="2" type="Label3D" parent="LockCode/CollisionShape3D/CSGCylinder3D"]
transform = Transform3D(-1.35076e-08, 0.309017, -0.951056, -1, -4.37114e-08, 7.10543e-15, -4.1572e-08, 0.951056, 0.309017, -0.781622, 0, 0.246549)
pixel_size = 0.012
modulate = Color(0, 0, 0, 1)
text = "2"
font = ExtResource("2_4er35")
font_size = 64
outline_size = 0

[node name="3" type="Label3D" parent="LockCode/CollisionShape3D/CSGCylinder3D"]
transform = Transform3D(1.35076e-08, -0.309017, -0.951056, -1, -4.37114e-08, 0, -4.1572e-08, 0.951056, -0.309017, -0.771833, 0, -0.285675)
pixel_size = 0.012
modulate = Color(0, 0, 0, 1)
text = "3"
font = ExtResource("2_4er35")
font_size = 64
outline_size = 0

[node name="4" type="Label3D" parent="LockCode/CollisionShape3D/CSGCylinder3D"]
transform = Transform3D(3.53632e-08, -0.809017, -0.587785, -1, -4.37114e-08, 1.06581e-14, -2.56929e-08, 0.587785, -0.809017, -0.402866, 0, -0.70416)
pixel_size = 0.012
modulate = Color(0, 0, 0, 1)
text = "4"
font = ExtResource("2_4er35")
font_size = 64
outline_size = 0

[node name="5" type="Label3D" parent="LockCode/CollisionShape3D/CSGCylinder3D"]
transform = Transform3D(4.37114e-08, -1, 5.96046e-08, -1, -4.37114e-08, 1.77636e-15, 7.10543e-15, -5.96046e-08, -1, 0.0235977, -5.96046e-07, -0.810903)
pixel_size = 0.012
modulate = Color(0, 0, 0, 1)
text = "5"
font = ExtResource("2_4er35")
font_size = 64
outline_size = 0

[node name="6" type="Label3D" parent="LockCode/CollisionShape3D/CSGCylinder3D"]
transform = Transform3D(3.53633e-08, -0.809017, 0.587785, -1, -4.37114e-08, 2.66454e-15, 2.56929e-08, -0.587785, -0.809017, 0.521609, -5.96046e-07, -0.619858)
pixel_size = 0.012
modulate = Color(0, 0, 0, 1)
text = "6"
font = ExtResource("2_4er35")
font_size = 64
outline_size = 0

[node name="7" type="Label3D" parent="LockCode/CollisionShape3D/CSGCylinder3D"]
transform = Transform3D(1.35076e-08, -0.309017, 0.951056, -1, -4.37114e-08, -1.06581e-14, 4.1572e-08, -0.951056, -0.309017, 0.786225, -5.96046e-07, -0.186569)
pixel_size = 0.012
modulate = Color(0, 0, 0, 1)
text = "7"
font = ExtResource("2_4er35")
font_size = 64
outline_size = 0

[node name="8" type="Label3D" parent="LockCode/CollisionShape3D/CSGCylinder3D"]
transform = Transform3D(-1.35076e-08, 0.309017, 0.951056, -1, -4.37114e-08, -1.24345e-14, 4.1572e-08, -0.951056, 0.309017, 0.766833, -2.38419e-07, 0.251577)
pixel_size = 0.012
modulate = Color(0, 0, 0, 1)
text = "8"
font = ExtResource("2_4er35")
font_size = 64
outline_size = 0

[node name="9" type="Label3D" parent="LockCode/CollisionShape3D/CSGCylinder3D"]
transform = Transform3D(-3.53633e-08, 0.809017, 0.587785, -1, -4.37114e-08, -1.42109e-14, 2.56929e-08, -0.587785, 0.809017, 0.474508, -2.38419e-07, 0.655225)
pixel_size = 0.012
modulate = Color(0, 0, 0, 1)
text = "9"
font = ExtResource("2_4er35")
font_size = 64
outline_size = 0

[node name="CollisionShape3D2" type="CollisionShape3D" parent="LockCode"]
transform = Transform3D(-4.37114e-08, -1, 0, 1, -4.37114e-08, 0, 0, 0, 1, -0.52, -1.5, -0.345)
shape = SubResource("CylinderShape3D_1dw0p")
disabled = true

[node name="CSGCylinder3D2" type="CSGCylinder3D" parent="LockCode/CollisionShape3D2"]
transform = Transform3D(1, -8.74228e-08, 3.82137e-15, -8.74228e-08, -1, 8.74228e-08, -3.82137e-15, -8.74228e-08, -1, 0, 0, 0)
radius = 0.846
height = 0.917
sides = 10
material = SubResource("StandardMaterial3D_dtxjm")

[node name="0" type="Label3D" parent="LockCode/CollisionShape3D2/CSGCylinder3D2"]
transform = Transform3D(-4.37114e-08, 1, 0, -1, -4.37114e-08, 0, 0, 0, 1, 0, 0, 0.822654)
pixel_size = 0.012
modulate = Color(0, 0, 0, 1)
text = "0"
font = ExtResource("2_4er35")
font_size = 64
outline_size = 0

[node name="1" type="Label3D" parent="LockCode/CollisionShape3D2/CSGCylinder3D2"]
transform = Transform3D(-3.53633e-08, 0.809017, -0.587785, -1, -4.37114e-08, 0, -2.56929e-08, 0.587785, 0.809017, -0.483253, 0, 0.649188)
pixel_size = 0.012
modulate = Color(0, 0, 0, 1)
text = "1"
font = ExtResource("2_4er35")
font_size = 64
outline_size = 0

[node name="2" type="Label3D" parent="LockCode/CollisionShape3D2/CSGCylinder3D2"]
transform = Transform3D(-1.35076e-08, 0.309017, -0.951056, -1, -4.37114e-08, 7.10543e-15, -4.1572e-08, 0.951056, 0.309017, -0.781622, 0, 0.246549)
pixel_size = 0.012
modulate = Color(0, 0, 0, 1)
text = "2"
font = ExtResource("2_4er35")
font_size = 64
outline_size = 0

[node name="3" type="Label3D" parent="LockCode/CollisionShape3D2/CSGCylinder3D2"]
transform = Transform3D(1.35076e-08, -0.309017, -0.951056, -1, -4.37114e-08, 0, -4.1572e-08, 0.951056, -0.309017, -0.771833, 0, -0.285675)
pixel_size = 0.012
modulate = Color(0, 0, 0, 1)
text = "3"
font = ExtResource("2_4er35")
font_size = 64
outline_size = 0

[node name="4" type="Label3D" parent="LockCode/CollisionShape3D2/CSGCylinder3D2"]
transform = Transform3D(3.53632e-08, -0.809017, -0.587785, -1, -4.37114e-08, 1.06581e-14, -2.56929e-08, 0.587785, -0.809017, -0.402866, 0, -0.70416)
pixel_size = 0.012
modulate = Color(0, 0, 0, 1)
text = "4"
font = ExtResource("2_4er35")
font_size = 64
outline_size = 0

[node name="5" type="Label3D" parent="LockCode/CollisionShape3D2/CSGCylinder3D2"]
transform = Transform3D(4.37114e-08, -1, 5.96046e-08, -1, -4.37114e-08, 1.77636e-15, 7.10543e-15, -5.96046e-08, -1, 0.0235977, -5.96046e-07, -0.810903)
pixel_size = 0.012
modulate = Color(0, 0, 0, 1)
text = "5"
font = ExtResource("2_4er35")
font_size = 64
outline_size = 0

[node name="6" type="Label3D" parent="LockCode/CollisionShape3D2/CSGCylinder3D2"]
transform = Transform3D(3.53633e-08, -0.809017, 0.587785, -1, -4.37114e-08, 2.66454e-15, 2.56929e-08, -0.587785, -0.809017, 0.521609, -5.96046e-07, -0.619858)
pixel_size = 0.012
modulate = Color(0, 0, 0, 1)
text = "6"
font = ExtResource("2_4er35")
font_size = 64
outline_size = 0

[node name="7" type="Label3D" parent="LockCode/CollisionShape3D2/CSGCylinder3D2"]
transform = Transform3D(1.35076e-08, -0.309017, 0.951056, -1, -4.37114e-08, -1.06581e-14, 4.1572e-08, -0.951056, -0.309017, 0.786225, -5.96046e-07, -0.186569)
pixel_size = 0.012
modulate = Color(0, 0, 0, 1)
text = "7"
font = ExtResource("2_4er35")
font_size = 64
outline_size = 0

[node name="8" type="Label3D" parent="LockCode/CollisionShape3D2/CSGCylinder3D2"]
transform = Transform3D(-1.35076e-08, 0.309017, 0.951056, -1, -4.37114e-08, -1.24345e-14, 4.1572e-08, -0.951056, 0.309017, 0.766833, -2.38419e-07, 0.251577)
pixel_size = 0.012
modulate = Color(0, 0, 0, 1)
text = "8"
font = ExtResource("2_4er35")
font_size = 64
outline_size = 0

[node name="9" type="Label3D" parent="LockCode/CollisionShape3D2/CSGCylinder3D2"]
transform = Transform3D(-3.53633e-08, 0.809017, 0.587785, -1, -4.37114e-08, -1.42109e-14, 2.56929e-08, -0.587785, 0.809017, 0.474508, -2.38419e-07, 0.655225)
pixel_size = 0.012
modulate = Color(0, 0, 0, 1)
text = "9"
font = ExtResource("2_4er35")
font_size = 64
outline_size = 0

[node name="CollisionShape3D3" type="CollisionShape3D" parent="LockCode"]
transform = Transform3D(-4.37114e-08, -1, 0, 1, -4.37114e-08, 0, 0, 0, 1, 0.48, -1.5, -0.345)
shape = SubResource("CylinderShape3D_1dw0p")
disabled = true

[node name="CSGCylinder3D3" type="CSGCylinder3D" parent="LockCode/CollisionShape3D3"]
transform = Transform3D(1, -8.74228e-08, 3.82137e-15, -8.74228e-08, -1, 8.74228e-08, -3.82137e-15, -8.74228e-08, -1, 0, 0, 0)
radius = 0.846
height = 0.917
sides = 10
material = SubResource("StandardMaterial3D_dtxjm")

[node name="0" type="Label3D" parent="LockCode/CollisionShape3D3/CSGCylinder3D3"]
transform = Transform3D(-4.37114e-08, 1, 0, -1, -4.37114e-08, 0, 0, 0, 1, 0, 0, 0.822654)
pixel_size = 0.012
modulate = Color(0, 0, 0, 1)
text = "0"
font = ExtResource("2_4er35")
font_size = 64
outline_size = 0

[node name="1" type="Label3D" parent="LockCode/CollisionShape3D3/CSGCylinder3D3"]
transform = Transform3D(-3.53633e-08, 0.809017, -0.587785, -1, -4.37114e-08, 0, -2.56929e-08, 0.587785, 0.809017, -0.483253, 0, 0.649188)
pixel_size = 0.012
modulate = Color(0, 0, 0, 1)
text = "1"
font = ExtResource("2_4er35")
font_size = 64
outline_size = 0

[node name="2" type="Label3D" parent="LockCode/CollisionShape3D3/CSGCylinder3D3"]
transform = Transform3D(-1.35076e-08, 0.309017, -0.951056, -1, -4.37114e-08, 7.10543e-15, -4.1572e-08, 0.951056, 0.309017, -0.781622, 0, 0.246549)
pixel_size = 0.012
modulate = Color(0, 0, 0, 1)
text = "2"
font = ExtResource("2_4er35")
font_size = 64
outline_size = 0

[node name="3" type="Label3D" parent="LockCode/CollisionShape3D3/CSGCylinder3D3"]
transform = Transform3D(1.35076e-08, -0.309017, -0.951056, -1, -4.37114e-08, 0, -4.1572e-08, 0.951056, -0.309017, -0.771833, 0, -0.285675)
pixel_size = 0.012
modulate = Color(0, 0, 0, 1)
text = "3"
font = ExtResource("2_4er35")
font_size = 64
outline_size = 0

[node name="4" type="Label3D" parent="LockCode/CollisionShape3D3/CSGCylinder3D3"]
transform = Transform3D(3.53632e-08, -0.809017, -0.587785, -1, -4.37114e-08, 1.06581e-14, -2.56929e-08, 0.587785, -0.809017, -0.402866, 0, -0.70416)
pixel_size = 0.012
modulate = Color(0, 0, 0, 1)
text = "4"
font = ExtResource("2_4er35")
font_size = 64
outline_size = 0

[node name="5" type="Label3D" parent="LockCode/CollisionShape3D3/CSGCylinder3D3"]
transform = Transform3D(4.37114e-08, -1, 5.96046e-08, -1, -4.37114e-08, 1.77636e-15, 7.10543e-15, -5.96046e-08, -1, 0.0235977, -5.96046e-07, -0.810903)
pixel_size = 0.012
modulate = Color(0, 0, 0, 1)
text = "5"
font = ExtResource("2_4er35")
font_size = 64
outline_size = 0

[node name="6" type="Label3D" parent="LockCode/CollisionShape3D3/CSGCylinder3D3"]
transform = Transform3D(3.53633e-08, -0.809017, 0.587785, -1, -4.37114e-08, 2.66454e-15, 2.56929e-08, -0.587785, -0.809017, 0.521609, -5.96046e-07, -0.619858)
pixel_size = 0.012
modulate = Color(0, 0, 0, 1)
text = "6"
font = ExtResource("2_4er35")
font_size = 64
outline_size = 0

[node name="7" type="Label3D" parent="LockCode/CollisionShape3D3/CSGCylinder3D3"]
transform = Transform3D(1.35076e-08, -0.309017, 0.951056, -1, -4.37114e-08, -1.06581e-14, 4.1572e-08, -0.951056, -0.309017, 0.786225, -5.96046e-07, -0.186569)
pixel_size = 0.012
modulate = Color(0, 0, 0, 1)
text = "7"
font = ExtResource("2_4er35")
font_size = 64
outline_size = 0

[node name="8" type="Label3D" parent="LockCode/CollisionShape3D3/CSGCylinder3D3"]
transform = Transform3D(-1.35076e-08, 0.309017, 0.951056, -1, -4.37114e-08, -1.24345e-14, 4.1572e-08, -0.951056, 0.309017, 0.766833, -2.38419e-07, 0.251577)
pixel_size = 0.012
modulate = Color(0, 0, 0, 1)
text = "8"
font = ExtResource("2_4er35")
font_size = 64
outline_size = 0

[node name="9" type="Label3D" parent="LockCode/CollisionShape3D3/CSGCylinder3D3"]
transform = Transform3D(-3.53633e-08, 0.809017, 0.587785, -1, -4.37114e-08, -1.42109e-14, 2.56929e-08, -0.587785, 0.809017, 0.474508, -2.38419e-07, 0.655225)
pixel_size = 0.012
modulate = Color(0, 0, 0, 1)
text = "9"
font = ExtResource("2_4er35")
font_size = 64
outline_size = 0

[node name="CollisionShape3D4" type="CollisionShape3D" parent="LockCode"]
transform = Transform3D(-4.37114e-08, -1, 0, 1, -4.37114e-08, 0, 0, 0, 1, 1.48, -1.5, -0.345)
shape = SubResource("CylinderShape3D_1dw0p")
disabled = true

[node name="CSGCylinder3D4" type="CSGCylinder3D" parent="LockCode/CollisionShape3D4"]
transform = Transform3D(1, -8.74228e-08, 3.82137e-15, -8.74228e-08, -1, 8.74228e-08, -3.82137e-15, -8.74228e-08, -1, 0, 0, 0)
radius = 0.846
height = 0.917
sides = 10
material = SubResource("StandardMaterial3D_dtxjm")

[node name="0" type="Label3D" parent="LockCode/CollisionShape3D4/CSGCylinder3D4"]
transform = Transform3D(-4.37114e-08, 1, 0, -1, -4.37114e-08, 0, 0, 0, 1, 0, 0, 0.822654)
pixel_size = 0.012
modulate = Color(0, 0, 0, 1)
text = "0"
font = ExtResource("2_4er35")
font_size = 64
outline_size = 0

[node name="1" type="Label3D" parent="LockCode/CollisionShape3D4/CSGCylinder3D4"]
transform = Transform3D(-3.53633e-08, 0.809017, -0.587785, -1, -4.37114e-08, 0, -2.56929e-08, 0.587785, 0.809017, -0.483253, 0, 0.649188)
pixel_size = 0.012
modulate = Color(0, 0, 0, 1)
text = "1"
font = ExtResource("2_4er35")
font_size = 64
outline_size = 0

[node name="2" type="Label3D" parent="LockCode/CollisionShape3D4/CSGCylinder3D4"]
transform = Transform3D(-1.35076e-08, 0.309017, -0.951056, -1, -4.37114e-08, 7.10543e-15, -4.1572e-08, 0.951056, 0.309017, -0.781622, 0, 0.246549)
pixel_size = 0.012
modulate = Color(0, 0, 0, 1)
text = "2"
font = ExtResource("2_4er35")
font_size = 64
outline_size = 0

[node name="3" type="Label3D" parent="LockCode/CollisionShape3D4/CSGCylinder3D4"]
transform = Transform3D(1.35076e-08, -0.309017, -0.951056, -1, -4.37114e-08, 0, -4.1572e-08, 0.951056, -0.309017, -0.771833, 0, -0.285675)
pixel_size = 0.012
modulate = Color(0, 0, 0, 1)
text = "3"
font = ExtResource("2_4er35")
font_size = 64
outline_size = 0

[node name="4" type="Label3D" parent="LockCode/CollisionShape3D4/CSGCylinder3D4"]
transform = Transform3D(3.53632e-08, -0.809017, -0.587785, -1, -4.37114e-08, 1.06581e-14, -2.56929e-08, 0.587785, -0.809017, -0.402866, 0, -0.70416)
pixel_size = 0.012
modulate = Color(0, 0, 0, 1)
text = "4"
font = ExtResource("2_4er35")
font_size = 64
outline_size = 0

[node name="5" type="Label3D" parent="LockCode/CollisionShape3D4/CSGCylinder3D4"]
transform = Transform3D(4.37114e-08, -1, 5.96046e-08, -1, -4.37114e-08, 1.77636e-15, 7.10543e-15, -5.96046e-08, -1, 0.0235977, -5.96046e-07, -0.810903)
pixel_size = 0.012
modulate = Color(0, 0, 0, 1)
text = "5"
font = ExtResource("2_4er35")
font_size = 64
outline_size = 0

[node name="6" type="Label3D" parent="LockCode/CollisionShape3D4/CSGCylinder3D4"]
transform = Transform3D(3.53633e-08, -0.809017, 0.587785, -1, -4.37114e-08, 2.66454e-15, 2.56929e-08, -0.587785, -0.809017, 0.521609, -5.96046e-07, -0.619858)
pixel_size = 0.012
modulate = Color(0, 0, 0, 1)
text = "6"
font = ExtResource("2_4er35")
font_size = 64
outline_size = 0

[node name="7" type="Label3D" parent="LockCode/CollisionShape3D4/CSGCylinder3D4"]
transform = Transform3D(1.35076e-08, -0.309017, 0.951056, -1, -4.37114e-08, -1.06581e-14, 4.1572e-08, -0.951056, -0.309017, 0.786225, -5.96046e-07, -0.186569)
pixel_size = 0.012
modulate = Color(0, 0, 0, 1)
text = "7"
font = ExtResource("2_4er35")
font_size = 64
outline_size = 0

[node name="8" type="Label3D" parent="LockCode/CollisionShape3D4/CSGCylinder3D4"]
transform = Transform3D(-1.35076e-08, 0.309017, 0.951056, -1, -4.37114e-08, -1.24345e-14, 4.1572e-08, -0.951056, 0.309017, 0.766833, -2.38419e-07, 0.251577)
pixel_size = 0.012
modulate = Color(0, 0, 0, 1)
text = "8"
font = ExtResource("2_4er35")
font_size = 64
outline_size = 0

[node name="9" type="Label3D" parent="LockCode/CollisionShape3D4/CSGCylinder3D4"]
transform = Transform3D(-3.53633e-08, 0.809017, 0.587785, -1, -4.37114e-08, -1.42109e-14, 2.56929e-08, -0.587785, 0.809017, 0.474508, -2.38419e-07, 0.655225)
pixel_size = 0.012
modulate = Color(0, 0, 0, 1)
text = "9"
font = ExtResource("2_4er35")
font_size = 64
outline_size = 0

[node name="CollisionShape3D" type="CollisionShape3D" parent="."]
transform = Transform3D(1, 0, 0, 0, 1, 0, 0, 0, 1, -0.00899393, 0.175232, -0.0155676)
shape = SubResource("BoxShape3D_uafy2")
disabled = true

[connection signal="input_event" from="LockCode" to="LockCode" method="_on_input_event"]
