[gd_scene load_steps=44 format=3 uid="uid://b4d3iiivouw3k"]

[ext_resource type="PackedScene" uid="uid://m0usocqlci16" path="res://scene/system/generation/level_generation_manager.tscn" id="2_f8ws1"]
[ext_resource type="PackedScene" uid="uid://nyov4ccxlxij" path="res://scene/system/category/lock_category.tscn" id="3_owdbc"]
[ext_resource type="PackedScene" uid="uid://dj0fuwsbur2y0" path="res://scene/system/inspect/gui.tscn" id="3_ryyl0"]
[ext_resource type="Script" path="res://script/class/category/category_item.gd" id="4_gsakb"]
[ext_resource type="PackedScene" uid="uid://qnoci234wh17" path="res://scene/rigid/evidence/donut/donut_boston.tscn" id="5_8dpmd"]
[ext_resource type="PackedScene" uid="uid://cvvyy68ab0106" path="res://scene/rigid/evidence/body_part/left_arm.tscn" id="6_2q5k2"]
[ext_resource type="PackedScene" uid="uid://bd44n2ohln754" path="res://scene/system/generation/node_spawner.tscn" id="6_4exd3"]
[ext_resource type="PackedScene" uid="uid://dpmcwnggfd3dr" path="res://scene/system/category/donut_category.tscn" id="7_555ks"]
[ext_resource type="PackedScene" uid="uid://bklabnmd3pxkl" path="res://scene/rigid/evidence/body_part/left_foot.tscn" id="7_jx4ku"]
[ext_resource type="PackedScene" uid="uid://7nt3rprfhbn" path="res://scene/static/prop/dumpster.tscn" id="7_xcaps"]
[ext_resource type="PackedScene" uid="uid://fp31eix4h4je" path="res://scene/system/category/note_category.tscn" id="8_b2dvn"]
[ext_resource type="PackedScene" uid="uid://devs7xh7q8fqr" path="res://scene/rigid/evidence/body_part/right_hand.tscn" id="8_c8bai"]
[ext_resource type="PackedScene" uid="uid://c0m2d2h4bqotd" path="res://scene/rigid/prop/police_radio.tscn" id="9_f48pa"]
[ext_resource type="PackedScene" uid="uid://uxvfsbplmkwq" path="res://scene/rigid/prop/bowling_pin.tscn" id="9_r5qke"]
[ext_resource type="PackedScene" uid="uid://bkpnjy6ux6b6y" path="res://scene/rigid/evidence/body_part/right_leg.tscn" id="9_ydcr3"]
[ext_resource type="Script" path="res://script/evidence/lock/lock_codes.gd" id="13_h5l1k"]
[ext_resource type="FontFile" uid="uid://cm84f63cyqbvm" path="res://asset/font/edosz.ttf" id="13_qxlqj"]
[ext_resource type="PackedScene" uid="uid://cgw1p2k80x3qu" path="res://scene/rigid/player/player.tscn" id="15_biuw2"]
[ext_resource type="FontFile" uid="uid://brid1anviro53" path="res://asset/font/punk kid.ttf" id="15_xvcf3"]
[ext_resource type="FontFile" uid="uid://bmsxjry3su0rr" path="res://asset/font/Urban Starblues Demo.otf" id="17_smqsb"]
[ext_resource type="PackedScene" uid="uid://clqoe4uvw2yq3" path="res://scene/rigid/tool/chemical_bottle.tscn" id="18_jc5e5"]
[ext_resource type="PackedScene" uid="uid://bpwyxaec5rtng" path="res://scene/rigid/tool/paper_clip.tscn" id="19_mmnbt"]
[ext_resource type="PackedScene" uid="uid://dmlv4mrgrwdpf" path="res://scene/rigid/tool/hammer.tscn" id="20_ev0ie"]
[ext_resource type="PackedScene" path="res://scene/rigid/tool/trash_bag.tscn" id="22_ivc8r"]
[ext_resource type="PackedScene" uid="uid://bn4k15sj2gjhu" path="res://scene/rigid/tool/black_light.tscn" id="23_qpe6i"]
[ext_resource type="PackedScene" path="res://scene/system/category/blood_category.tscn" id="25_f04sn"]
[ext_resource type="PackedScene" uid="uid://b3ldwjlv1f6iy" path="res://scene/rigid/tool/knife.tscn" id="25_fye0o"]
[ext_resource type="PackedScene" path="res://scene/system/category/body_parts_category.tscn" id="26_bxjnx"]
[ext_resource type="PackedScene" path="res://scene/static/building/alley_level_buildings.tscn" id="27_k1spg"]
[ext_resource type="PackedScene" uid="uid://dhuw8hkjapuv6" path="res://scene/static/fence/fence_end.tscn" id="31_sfo7y"]
[ext_resource type="PackedScene" uid="uid://bqs86sis2c5fp" path="res://scene/static/fence/fence_middle.tscn" id="32_1u30x"]
[ext_resource type="PackedScene" path="res://scene/rigid/prop/pallet.tscn" id="32_pa76a"]
[ext_resource type="Script" path="res://script/audio/music_player.gd" id="33_qq5ej"]
[ext_resource type="AudioStream" uid="uid://b1eq8imevyvtf" path="res://asset/audio/music/MB L1 Tense Head.wav" id="34_u111y"]
[ext_resource type="AudioStream" uid="uid://d0yxt3cyqummg" path="res://asset/audio/music/MB L1 Tense B1.wav" id="35_4srot"]
[ext_resource type="AudioStream" uid="uid://cloejbw0ganxs" path="res://asset/audio/music/MB L1 Tense B2.wav" id="36_yrsi8"]

[sub_resource type="GDScript" id="GDScript_58cnf"]
script/source = "extends Node3D

@onready var level_generation_manager = $LevelGenerationManager

# FOR DEBUGGING PURPOSES
func _input(event):
	if event is InputEventKey:
		if event.pressed: return
		elif event.keycode == KEY_R:
			start_level()

func _ready() -> void:
	start_level()

func start_level():
	G_game_state.fade_in_scene()
	level_generation_manager.clear_level()
	level_generation_manager.generate_level()

func end_level():
	# TODO: pass information to office scene, like performance stats (so boss can call and say hey)
	var total_evidences = 0
	var cleaned_evidences = 0
	for evidence in get_tree().get_nodes_in_group(\"evidence\"):
		total_evidences += 1
		print(evidence.name, evidence.is_altered())
		if evidence.is_altered():
			cleaned_evidences +=1
	
	G_game_state.total_evidences = total_evidences
	G_game_state.cleaned_evidences = cleaned_evidences
	G_game_state.fade_out_scene()
	
	# Switch to scene at the START of the next frame (to avoid interupting other scripts)
	await get_tree().process_frame
	get_tree().change_scene_to_file(\"res://scene/level/office_level.tscn\")
"

[sub_resource type="ProceduralSkyMaterial" id="ProceduralSkyMaterial_516dq"]
sky_horizon_color = Color(0.666667, 0.678431, 0.694118, 1)

[sub_resource type="Sky" id="Sky_4a2fm"]
sky_material = SubResource("ProceduralSkyMaterial_516dq")

[sub_resource type="Environment" id="Environment_uifmc"]
background_mode = 2
sky = SubResource("Sky_4a2fm")
tonemap_mode = 2
ssao_enabled = true
ssil_enabled = true
sdfgi_enabled = true
glow_enabled = true
fog_enabled = true
volumetric_fog_enabled = true

[sub_resource type="FastNoiseLite" id="FastNoiseLite_ybxwp"]

[sub_resource type="NoiseTexture3D" id="NoiseTexture3D_5a5n2"]
noise = SubResource("FastNoiseLite_ybxwp")

[sub_resource type="FogMaterial" id="FogMaterial_detjd"]
density = 0.6
albedo = Color(0.662682, 0.767038, 0.800834, 1)
density_texture = SubResource("NoiseTexture3D_5a5n2")

[node name="AlleyLevel" type="Node3D"]
script = SubResource("GDScript_58cnf")

[node name="Player" parent="." instance=ExtResource("15_biuw2")]
transform = Transform3D(1, 0, 0, 0, 1, 0, 0, 0, 1, 0, 1.56498, 0)

[node name="LevelGenerationManager" parent="." instance=ExtResource("2_f8ws1")]

[node name="LockCategory" parent="LevelGenerationManager" instance=ExtResource("3_owdbc")]

[node name="BostonDonut" type="Node" parent="LevelGenerationManager"]
script = ExtResource("4_gsakb")
scene = ExtResource("5_8dpmd")

[node name="LeftArm" type="Node" parent="LevelGenerationManager"]
script = ExtResource("4_gsakb")
scene = ExtResource("6_2q5k2")

[node name="LeftFoot" type="Node" parent="LevelGenerationManager"]
script = ExtResource("4_gsakb")
scene = ExtResource("7_jx4ku")

[node name="RightHand" type="Node" parent="LevelGenerationManager"]
script = ExtResource("4_gsakb")
scene = ExtResource("8_c8bai")

[node name="RightLeg" type="Node" parent="LevelGenerationManager"]
script = ExtResource("4_gsakb")
scene = ExtResource("9_ydcr3")

[node name="InspectLayer" parent="." instance=ExtResource("3_ryyl0")]

[node name="LockCodes" type="Node3D" parent="."]
script = ExtResource("13_h5l1k")

[node name="SouthWall" type="Label3D" parent="LockCodes"]
transform = Transform3D(1.195, 0, 0, 0, 1.195, 0, 0, 0, 1.195, 2.99675, 1.291, -6.12915)
modulate = Color(0.184314, 0.27451, 0.992157, 1)
text = "3 A E 5 8"
font = ExtResource("15_xvcf3")
font_size = 104
outline_size = 0

[node name="NorthWall" type="Label3D" parent="LockCodes"]
transform = Transform3D(-0.991881, -0.127168, -8.6713e-08, -0.127168, 0.991881, -1.11174e-08, 8.74228e-08, 0, -1, 1.01465, 5.22988, 6.16619)
pixel_size = 0.02
modulate = Color(0.938106, 0.780886, 0.887358, 1)
text = "3 A E 5 8"
font = ExtResource("13_qxlqj")
font_size = 110
outline_size = 0

[node name="WestDumpsterGround" type="Label3D" parent="LockCodes"]
transform = Transform3D(0.978517, -0.20617, -9.01196e-09, -1.37474e-15, -4.37114e-08, 1, -0.20617, -0.978517, -4.27723e-08, 8.32463, 0.001, -2.11047)
modulate = Color(0.352941, 0.835294, 0.615686, 1)
text = "3AE58"
font = ExtResource("13_qxlqj")
font_size = 92
outline_size = 0

[node name="WestDumpsterSurface" type="Label3D" parent="LockCodes"]
transform = Transform3D(-0.043602, 0, -0.999049, 0, 1, 0, 0.999049, 0, -0.043602, 6.444, 1.197, -4.023)
pixel_size = 0.004
modulate = Color(0.922539, 0.721593, 0.858375, 1)
text = "3AE58"
font = ExtResource("17_smqsb")
font_size = 92
outline_size = 0

[node name="Props" type="Node3D" parent="."]

[node name="PoliceRadio" parent="Props" instance=ExtResource("9_f48pa")]
transform = Transform3D(-0.806135, 0, 0.591732, 0, 1, 0, -0.591732, 0, -0.806135, 12.6929, 1.05407, 4.1531)

[node name="Tools" type="Node3D" parent="Props"]
transform = Transform3D(1, 0, 0, 0, 1, 0, 0, 0, 1, 0, 0.605, 0)

[node name="BlackLight" parent="Props/Tools" instance=ExtResource("23_qpe6i")]
transform = Transform3D(0.0963857, -0.608557, 0.787635, 0.995038, 0.0785338, -0.0610881, -0.0246803, 0.789614, 0.613107, 11.8441, 0.358174, 3.96966)

[node name="ChemicalBottle" parent="Props/Tools" instance=ExtResource("18_jc5e5")]
transform = Transform3D(1, 0, 0, 0, 1, 0, 0, 0, 1, 9.28361, 0.243991, 3.71034)

[node name="ChemicalBottle2" parent="Props/Tools" instance=ExtResource("18_jc5e5")]
transform = Transform3D(0.937889, 0, -0.346936, 0, 1, 0, 0.346936, 0, 0.937889, 9.21901, 0.244001, 4.13282)
contents = 1

[node name="ChemicalBottle3" parent="Props/Tools" instance=ExtResource("18_jc5e5")]
transform = Transform3D(0.852778, 0.0140033, 0.522085, -0.0128116, 0.999901, -0.00589268, -0.522116, -0.0016636, 0.852873, 8.48146, 0.244001, 4.13282)
contents = 2

[node name="ChemicalBottle4" parent="Props/Tools" instance=ExtResource("18_jc5e5")]
transform = Transform3D(-0.0115557, 0.00574471, 0.999917, -0.0128116, 0.999901, -0.00589268, -0.999851, -0.0128786, -0.011481, 8.48161, 0.243991, 3.72434)
contents = 3

[node name="PaperClip" parent="Props/Tools" instance=ExtResource("19_mmnbt")]
transform = Transform3D(1, 0, 0, 0, 1, 0, 0, 0, 1, 11.5711, 0.455057, 3.52853)

[node name="Hammer" parent="Props/Tools" instance=ExtResource("20_ev0ie")]
transform = Transform3D(-4.35046e-08, -0.995268, -0.097166, 1, -4.37114e-08, 0, -4.24726e-09, -0.097166, 0.995268, 11.4656, 0.348057, 3.61103)

[node name="Knife" parent="Props/Tools" instance=ExtResource("25_fye0o")]
transform = Transform3D(0.225482, -0.973107, 0.0471278, 0.0411193, 0.0578361, 0.997479, -0.973379, -0.222975, 0.0530544, 12.191, 0.273572, 3.77353)

[node name="Tetractys" type="Node3D" parent="Props"]
transform = Transform3D(1, 0, 0, 0, 1, 0, 0, 0, 1, 14.7738, 0.605049, -3.92731)

[node name="BowlingPin" parent="Props/Tetractys" instance=ExtResource("9_r5qke")]
transform = Transform3D(-0.276711, 0, 0.960953, 0, 1, 0, -0.960953, 0, -0.276711, 0.114637, 0, 0.403279)

[node name="BowlingPin2" parent="Props/Tetractys" instance=ExtResource("9_r5qke")]
transform = Transform3D(-0.276711, 0, 0.960953, 0, 1, 0, -0.960953, 0, -0.276711, 0.0100207, 0, 0.0399686)

[node name="BowlingPin3" parent="Props/Tetractys" instance=ExtResource("9_r5qke")]
transform = Transform3D(-0.276711, 0, 0.960953, 0, 1, 0, -0.960953, 0, -0.276711, 0.350738, 0, -0.0581414)

[node name="BowlingPin4" parent="Props/Tetractys" instance=ExtResource("9_r5qke")]
transform = Transform3D(-0.276711, 0, 0.960953, 0, 1, 0, -0.960953, 0, -0.276711, -0.336231, 0, 0.139679)

[node name="BowlingPin5" parent="Props/Tetractys" instance=ExtResource("9_r5qke")]
transform = Transform3D(-0.276711, 0, 0.960953, 0, 1, 0, -0.960953, 0, -0.276711, -0.280155, 0, -0.299101)

[node name="BowlingPin6" parent="Props/Tetractys" instance=ExtResource("9_r5qke")]
transform = Transform3D(-0.276711, 0, 0.960953, 0, 1, 0, -0.960953, 0, -0.276711, 0.0453197, 0, -0.392821)

[node name="BowlingPin7" parent="Props/Tetractys" instance=ExtResource("9_r5qke")]
transform = Transform3D(-0.276711, 0, 0.960953, 0, 1, 0, -0.960953, 0, -0.276711, 0.443068, 0, -0.507361)

[node name="BowlingPin8" parent="Props/Tetractys" instance=ExtResource("9_r5qke")]
transform = Transform3D(-0.276711, 0, 0.960953, 0, 1, 0, -0.960953, 0, -0.276711, -0.666947, 0, -0.187721)

[node name="TrashBags" type="Node3D" parent="Props"]
transform = Transform3D(1, 0, 0, 0, 1, 0, 0, 0, 1, 0, 0.605, 0)

[node name="TrashBag" parent="Props/TrashBags" instance=ExtResource("22_ivc8r")]
transform = Transform3D(-0.0235423, 0, 0.999723, 0, 1, 0, -0.999723, 0, -0.0235423, 2.46821, -0.00474, 3.99936)

[node name="TrashBag6" parent="Props/TrashBags" instance=ExtResource("22_ivc8r")]
transform = Transform3D(-0.0235423, 0, 0.999723, 0, 1, 0, -0.999723, 0, -0.0235423, 1.86821, -0.00474, 3.19936)

[node name="TrashBag7" parent="Props/TrashBags" instance=ExtResource("22_ivc8r")]
transform = Transform3D(-0.450549, -0.5, 0.739598, -0.260125, 0.866025, 0.427007, -0.854014, 0, -0.52025, -8.93179, -0.00474, 4.89936)

[node name="TrashBag8" parent="Props/TrashBags" instance=ExtResource("22_ivc8r")]
transform = Transform3D(-0.723558, 0, 0.690264, 0, 1, 0, -0.690264, 0, -0.723558, -9.43179, -0.00474, 4.29936)

[node name="TrashBag10" parent="Props/TrashBags" instance=ExtResource("22_ivc8r")]
transform = Transform3D(-0.0235423, 0, 0.999723, 0, 1, 0, -0.999723, 0, -0.0235423, -10.6318, -0.00474, 4.29936)

[node name="TrashBag11" parent="Props/TrashBags" instance=ExtResource("22_ivc8r")]
transform = Transform3D(0.479473, 0, 0.877557, 0, 1, 0, -0.877557, 0, 0.479473, -11.0318, -0.00474, 3.79936)

[node name="TrashBag13" parent="Props/TrashBags" instance=ExtResource("22_ivc8r")]
transform = Transform3D(0.479473, 0, 0.877557, 0, 1, 0, -0.877557, 0, 0.479473, -10.0318, -0.00474, 3.79936)

[node name="TrashBag14" parent="Props/TrashBags" instance=ExtResource("22_ivc8r")]
transform = Transform3D(-0.0235423, 0, 0.999723, 0, 1, 0, -0.999723, 0, -0.0235423, -10.0318, 0.39526, 4.49936)

[node name="TrashBag15" parent="Props/TrashBags" instance=ExtResource("22_ivc8r")]
transform = Transform3D(-0.367872, 0.707107, 0.603879, 0.367872, 0.707107, -0.603879, -0.854014, -1.43934e-08, -0.52025, -11.6318, 0.39526, 4.49936)

[node name="TrashBag12" parent="Props/TrashBags" instance=ExtResource("22_ivc8r")]
transform = Transform3D(0.877557, 0, -0.479473, 0, 1, 0, 0.479473, 0, 0.877557, -11.0318, -0.00474, 4.89936)

[node name="TrashBag9" parent="Props/TrashBags" instance=ExtResource("22_ivc8r")]
transform = Transform3D(0.236007, 0, 0.971751, 0, 1, 0, -0.971751, 0, 0.236007, -9.93179, -0.00474, 4.89936)

[node name="TrashBag2" parent="Props/TrashBags" instance=ExtResource("22_ivc8r")]
transform = Transform3D(-0.0235423, 0, 0.999723, 0, 1, 0, -0.999723, 0, -0.0235423, 2.36821, -0.00474, 4.74445)

[node name="TrashBag3" parent="Props/TrashBags" instance=ExtResource("22_ivc8r")]
transform = Transform3D(-0.0235423, 0, 0.999723, 0, 1, 0, -0.999723, 0, -0.0235423, 9.78292, -0.00474, -4.10799)

[node name="TrashBag4" parent="Props/TrashBags" instance=ExtResource("22_ivc8r")]
transform = Transform3D(0.865396, 0, 0.501088, 0, 1, 0, -0.501088, 0, 0.865396, 10.4307, -0.00474, -4.83693)

[node name="TrashBag5" parent="Props/TrashBags" instance=ExtResource("22_ivc8r")]
transform = Transform3D(-0.798341, 0, -0.602205, 0, 1, 0, 0.602205, 0, -0.798341, 9.80635, -0.00474, -4.83693)

[node name="Dumpsters" type="Node3D" parent="Props"]
transform = Transform3D(1, 0, 0, 0, 1, 0, 0, 0, 1, 0, 0.605, 0)

[node name="Dumpster" parent="Props/Dumpsters" instance=ExtResource("7_xcaps")]
transform = Transform3D(0.999224, 0, -0.0393993, 0, 1, 0, 0.0393993, 0, 0.999224, 7.87116, 0.815009, -4.09674)

[node name="Dumpster2" parent="Props/Dumpsters" instance=ExtResource("7_xcaps")]
transform = Transform3D(-0.975818, 0, 0.218586, 0, 1, 0, -0.218586, 0, -0.975818, 0.41456, 0.781009, 4.25437)

[node name="Dumpster3" parent="Props/Dumpsters" instance=ExtResource("7_xcaps")]
transform = Transform3D(0.999584, 0, 0.0288289, 0, 1, 0, -0.0288289, 0, 0.999584, -5.72895, 0.781009, -3.92913)

[node name="Desks" type="Node3D" parent="Props"]
transform = Transform3D(1, 0, 0, 0, 1, 0, 0, 0, 1, 0, 0.605, 0)

[node name="MurderElements" type="Node3D" parent="Props"]
transform = Transform3D(1, 0, 0, 0, 1, 0, 0, 0, 1, 0, 0.605, 0)

[node name="NodeSpawner" parent="Props/MurderElements" groups=["empty_spawner"] instance=ExtResource("6_4exd3")]
transform = Transform3D(0.999998, -3.25963e-09, -1.41561e-07, 5.58794e-09, 1, 4.88944e-09, -1.49012e-08, 1.13505e-09, 0.999997, -2.2937, -0.0501716, -0.684826)

[node name="BloodCategory" parent="Props/MurderElements/NodeSpawner" instance=ExtResource("25_f04sn")]
surface = "asphalt"
weight = 100

[node name="BodyPartsCategory" parent="Props/MurderElements/NodeSpawner" instance=ExtResource("26_bxjnx")]

[node name="NodeSpawner2" parent="Props/MurderElements" groups=["empty_spawner"] instance=ExtResource("6_4exd3")]
transform = Transform3D(0.999998, -3.25963e-09, -1.41561e-07, 5.58794e-09, 1, 4.88944e-09, -1.49012e-08, 1.13505e-09, 0.999997, -3.85942, -0.0501716, -2.19308)

[node name="BloodCategory" parent="Props/MurderElements/NodeSpawner2" instance=ExtResource("25_f04sn")]
surface = "asphalt"
weight = 100

[node name="BodyPartsCategory" parent="Props/MurderElements/NodeSpawner2" instance=ExtResource("26_bxjnx")]

[node name="NodeSpawner3" parent="Props/MurderElements" groups=["empty_spawner"] instance=ExtResource("6_4exd3")]
transform = Transform3D(-0.999998, -8.74228e-08, 3.82136e-15, 0, -4.37114e-08, -0.999997, 8.74226e-08, -1, 4.37113e-08, -3.19507, 1.23778, 6.13297)

[node name="BloodCategory" parent="Props/MurderElements/NodeSpawner3" instance=ExtResource("25_f04sn")]
surface = "brick"

[node name="NodeSpawner4" parent="Props/MurderElements" groups=["empty_spawner"] instance=ExtResource("6_4exd3")]
transform = Transform3D(0.999998, -3.25963e-09, -1.41561e-07, 5.58794e-09, 1, 4.88944e-09, -1.49012e-08, 1.13505e-09, 0.999997, -3.35122, 0.0581399, 4.24724)

[node name="BloodCategory" parent="Props/MurderElements/NodeSpawner4" instance=ExtResource("25_f04sn")]
surface = "concrete"
weight = 100

[node name="BodyPartsCategory" parent="Props/MurderElements/NodeSpawner4" instance=ExtResource("26_bxjnx")]

[node name="NodeSpawner5" parent="Props/MurderElements" groups=["empty_spawner"] instance=ExtResource("6_4exd3")]
transform = Transform3D(0.999998, -3.25963e-09, -1.41561e-07, 5.58794e-09, 1, 4.88944e-09, -1.49012e-08, 1.13505e-09, 0.999997, -1.01173, -0.0501716, -2.2741)

[node name="BloodCategory" parent="Props/MurderElements/NodeSpawner5" instance=ExtResource("25_f04sn")]
surface = "asphalt"
weight = 100

[node name="BodyPartsCategory" parent="Props/MurderElements/NodeSpawner5" instance=ExtResource("26_bxjnx")]

[node name="NodeSpawner6" parent="Props/MurderElements" groups=["empty_spawner"] instance=ExtResource("6_4exd3")]
transform = Transform3D(0.999998, -3.25963e-09, -1.41561e-07, 5.58794e-09, 1, 4.88944e-09, -1.49012e-08, 1.13505e-09, 0.999997, -4.98091, -0.0501716, 0.444565)

[node name="BloodCategory" parent="Props/MurderElements/NodeSpawner6" instance=ExtResource("25_f04sn")]
surface = "asphalt"
weight = 100

[node name="BodyPartsCategory" parent="Props/MurderElements/NodeSpawner6" instance=ExtResource("26_bxjnx")]

[node name="NodeSpawner7" parent="Props/MurderElements" groups=["empty_spawner"] instance=ExtResource("6_4exd3")]
transform = Transform3D(0.999998, -3.25963e-09, -1.41561e-07, 5.58794e-09, 1, 4.88944e-09, -1.49012e-08, 1.13505e-09, 0.999997, -2.96518, -0.0501716, 1.82362)

[node name="BloodCategory" parent="Props/MurderElements/NodeSpawner7" instance=ExtResource("25_f04sn")]
surface = "asphalt"
weight = 100

[node name="BodyPartsCategory" parent="Props/MurderElements/NodeSpawner7" instance=ExtResource("26_bxjnx")]

[node name="NodeSpawner1" parent="Props" groups=["empty_spawner"] instance=ExtResource("6_4exd3")]
transform = Transform3D(1, 0, 0, 0, 1, 0, 0, 0, 1, 4.2771, 0.676967, -4.14242)

[node name="DonutCategory" parent="Props/NodeSpawner1" instance=ExtResource("7_555ks")]

[node name="NoteCategory" parent="Props/NodeSpawner1" instance=ExtResource("8_b2dvn")]

[node name="NodeSpawner2" parent="Props" groups=["empty_spawner"] instance=ExtResource("6_4exd3")]
transform = Transform3D(1, 0, 0, 0, 1, 0, 0, 0, 1, -2.4897, 0.682199, -4.50883)

[node name="NoteCategory" parent="Props/NodeSpawner2" instance=ExtResource("8_b2dvn")]

[node name="DonutCategory" parent="Props/NodeSpawner2" instance=ExtResource("7_555ks")]

[node name="Buildings" parent="." instance=ExtResource("27_k1spg")]

[node name="WorldEnvironment" type="WorldEnvironment" parent="."]
environment = SubResource("Environment_uifmc")

[node name="Sun" type="DirectionalLight3D" parent="."]
transform = Transform3D(-0.951546, 0.131323, -0.278054, -0.303538, -0.256339, 0.91769, 0.0492371, 0.957625, 0.28378, 0, 0, 0)
light_energy = 0.4
shadow_enabled = true

[node name="FogVolume" type="FogVolume" parent="."]
transform = Transform3D(1, 0, 0, 0, 1, 0, 0, 0, 1, -2.716, 0.22, -1.326)
size = Vector3(47.86, 1.5, 15.42)
material = SubResource("FogMaterial_detjd")

[node name="Pallet" parent="." instance=ExtResource("32_pa76a")]
transform = Transform3D(0.0773803, 0, 0.997002, 0, 1, 0, -0.997002, 0, 0.0773803, 8.83498, 0.724314, 3.89314)

[node name="Pallet2" parent="." instance=ExtResource("32_pa76a")]
transform = Transform3D(-0.100501, 0, 0.994937, 0, 1, 0, -0.994937, 0, -0.100501, 11.7483, 0.724314, 3.89314)

[node name="fence_end" parent="." instance=ExtResource("31_sfo7y")]
transform = Transform3D(0.0108438, -0.0198796, -4.99995, 0.00959396, 4.99995, -0.0198588, 4.99998, -0.00955079, 0.0108819, 21.533, 0.6, -5.947)

[node name="fence_end3" parent="." instance=ExtResource("31_sfo7y")]
transform = Transform3D(-0.0108433, 0.0198796, 4.99995, 0.00959396, 4.99995, -0.0198588, -4.99998, 0.00955079, -0.0108814, 21.533, 0.6, 6.053)

[node name="fence_end2" parent="." instance=ExtResource("32_1u30x")]
transform = Transform3D(0.0108437, -0.0198796, -4.99995, 0.00959396, 4.99995, -0.0198588, 4.99998, -0.00955079, 0.0108817, 21.533, 0.6, -1.947)

[node name="AudioStreamPlayer" type="AudioStreamPlayer" parent="."]
volume_db = 10.0
script = ExtResource("33_qq5ej")
music_queue = Array[AudioStream]([ExtResource("34_u111y"), ExtResource("35_4srot"), ExtResource("36_yrsi8")])
