[gd_scene load_steps=13 format=3 uid="uid://b1twir2cb7j74"]

[ext_resource type="Script" path="res://script/start_level.gd" id="1_i44v8"]
[ext_resource type="PackedScene" uid="uid://m0usocqlci16" path="res://scene/generation/level_generation_manager.tscn" id="2_f8ws1"]
[ext_resource type="PackedScene" uid="uid://nyov4ccxlxij" path="res://scene/category/lock_category.tscn" id="3_owdbc"]
[ext_resource type="Script" path="res://script/category_item.gd" id="4_gsakb"]
[ext_resource type="PackedScene" uid="uid://qnoci234wh17" path="res://scene/puzzle/donut/donut_boston.tscn" id="5_8dpmd"]
[ext_resource type="PackedScene" uid="uid://bd44n2ohln754" path="res://scene/generation/node_spawner.tscn" id="6_4exd3"]
[ext_resource type="PackedScene" uid="uid://dpmcwnggfd3dr" path="res://scene/category/donut_category.tscn" id="7_555ks"]
[ext_resource type="PackedScene" uid="uid://7nt3rprfhbn" path="res://scene/prop/dumpster.tscn" id="7_xcaps"]
[ext_resource type="PackedScene" uid="uid://fp31eix4h4je" path="res://scene/category/note_category.tscn" id="8_b2dvn"]
[ext_resource type="PackedScene" uid="uid://d3hnepsprm6va" path="res://scene/prop/desk.tscn" id="8_rc1ap"]
[ext_resource type="PackedScene" uid="uid://c0m2d2h4bqotd" path="res://scene/prop/police_radio.tscn" id="9_f48pa"]
[ext_resource type="PackedScene" uid="uid://uxvfsbplmkwq" path="res://scene/misc/bowling_pin.tscn" id="9_r5qke"]

[node name="AlleyLevel" type="Node3D"]
script = ExtResource("1_i44v8")

[node name="LevelGenerationManager" parent="." instance=ExtResource("2_f8ws1")]

[node name="LockCategory" parent="LevelGenerationManager" instance=ExtResource("3_owdbc")]

[node name="BostonDonut" type="Node" parent="LevelGenerationManager"]
script = ExtResource("4_gsakb")
scene = ExtResource("5_8dpmd")

[node name="AlleyFloor" type="CSGBox3D" parent="."]
transform = Transform3D(1, 0, 0, 0, 1, 0, 0, 0, 1, 0.0185337, -0.0265951, -0.000857353)
use_collision = true
size = Vector3(30, 0.1, 10)

[node name="Dumpster" parent="." instance=ExtResource("7_xcaps")]
transform = Transform3D(19.9845, 0, -0.787987, 0, 20, 0, 0.787987, 0, 19.9845, 7.87116, 0.815009, -4.09674)

[node name="Dumpster2" parent="." instance=ExtResource("7_xcaps")]
transform = Transform3D(-19.5164, 0, 4.37172, 0, 20, 0, -4.37172, 0, -19.5164, 0.51456, 0.781009, 3.05437)

[node name="Dumpster3" parent="." instance=ExtResource("7_xcaps")]
transform = Transform3D(19.9917, 0, 0.576578, 0, 20, 0, -0.576578, 0, 19.9917, -5.72895, 0.781009, -3.92913)

[node name="Desk" parent="." instance=ExtResource("8_rc1ap")]
transform = Transform3D(-0.521536, 0.0207513, 4.97268, 0.00959396, 4.99995, -0.0198588, -4.97272, 0.00747012, -0.521571, 6.39771, 0.828343, 3.63486)

[node name="Desk2" parent="." instance=ExtResource("8_rc1ap")]
transform = Transform3D(0.318156, -0.0204291, -4.98983, 0.00959396, 4.99995, -0.0198588, 4.98986, -0.0083108, 0.318192, 5.5138, 0.900933, -4.05003)

[node name="Desk3" parent="." instance=ExtResource("8_rc1ap")]
transform = Transform3D(0.318156, -0.0204291, -4.98983, 0.00959396, 4.99995, -0.0198588, 4.98986, -0.0083108, 0.318192, -7.72634, 0.900933, 1.29857)

[node name="Desk4" parent="." instance=ExtResource("8_rc1ap")]
transform = Transform3D(-0.857088, 0.0212095, 4.92595, 0.00959396, 4.99995, -0.0198588, -4.92598, 0.00604771, -0.85712, -8.61459, 0.900933, -0.091827)

[node name="Desk5" parent="." instance=ExtResource("8_rc1ap")]
transform = Transform3D(4.35569, -0.018109, -2.45513, 0.00959396, 4.99995, -0.0198588, 2.45518, 0.0125889, 4.35568, -9.82576, 0.900933, 1.83764)

[node name="Desk6" parent="." instance=ExtResource("8_rc1ap")]
transform = Transform3D(1.5992, -0.0218842, -4.73731, 0.00959396, 4.99995, -0.0198588, 4.73735, -0.00273826, 1.59922, -8.77432, 1.96372, 0.800921)

[node name="PoliceRadio" parent="." instance=ExtResource("9_f48pa")]
transform = Transform3D(-0.806135, 0, 0.591732, 0, 1, 0, -0.591732, 0, -0.806135, 7.23314, 1.05138, 3.17469)

[node name="BowlingPin" parent="." instance=ExtResource("9_r5qke")]
transform = Transform3D(-0.276711, 0, 0.960953, 0, 1, 0, -0.960953, 0, -0.276711, 0.864019, 0, -3.38106)

[node name="BowlingPin2" parent="." instance=ExtResource("9_r5qke")]
transform = Transform3D(-0.276711, 0, 0.960953, 0, 1, 0, -0.960953, 0, -0.276711, 0.759403, 0, -3.74437)

[node name="BowlingPin3" parent="." instance=ExtResource("9_r5qke")]
transform = Transform3D(-0.276711, 0, 0.960953, 0, 1, 0, -0.960953, 0, -0.276711, 1.10012, 0, -3.84248)

[node name="BowlingPin4" parent="." instance=ExtResource("9_r5qke")]
transform = Transform3D(-0.276711, 0, 0.960953, 0, 1, 0, -0.960953, 0, -0.276711, 0.413151, 0, -3.64466)

[node name="BowlingPin5" parent="." instance=ExtResource("9_r5qke")]
transform = Transform3D(-0.276711, 0, 0.960953, 0, 1, 0, -0.960953, 0, -0.276711, 0.469227, 0, -4.08344)

[node name="BowlingPin6" parent="." instance=ExtResource("9_r5qke")]
transform = Transform3D(-0.276711, 0, 0.960953, 0, 1, 0, -0.960953, 0, -0.276711, 0.794702, 0, -4.17716)

[node name="BowlingPin7" parent="." instance=ExtResource("9_r5qke")]
transform = Transform3D(-0.276711, 0, 0.960953, 0, 1, 0, -0.960953, 0, -0.276711, 1.19245, 0, -4.2917)

[node name="BowlingPin8" parent="." instance=ExtResource("9_r5qke")]
transform = Transform3D(-0.276711, 0, 0.960953, 0, 1, 0, -0.960953, 0, -0.276711, 0.0824356, 0, -3.97206)

[node name="NodeSpawner" parent="." instance=ExtResource("6_4exd3")]
transform = Transform3D(1, 0, 0, 0, 1, 0, 0, 0, 1, 5.9437, 0.904375, 3.57785)

[node name="DonutCategory" parent="NodeSpawner" instance=ExtResource("7_555ks")]

[node name="NodeSpawner2" parent="." instance=ExtResource("6_4exd3")]
transform = Transform3D(1, 0, 0, 0, 1, 0, 0, 0, 1, 2.26748, 0.0719674, 3.60438)

[node name="DonutCategory" parent="NodeSpawner2" instance=ExtResource("7_555ks")]

[node name="NoteCategory" parent="NodeSpawner2" instance=ExtResource("8_b2dvn")]

[node name="NodeSpawner3" parent="." instance=ExtResource("6_4exd3")]
transform = Transform3D(1, 0, 0, 0, 1, 0, 0, 0, 1, 4.27705, 0.0719674, -4.14242)

[node name="DonutCategory" parent="NodeSpawner3" instance=ExtResource("7_555ks")]

[node name="NoteCategory" parent="NodeSpawner3" instance=ExtResource("8_b2dvn")]

[node name="NodeSpawner4" parent="." instance=ExtResource("6_4exd3")]
transform = Transform3D(1, 0, 0, 0, 1, 0, 0, 0, 1, -5.53025, 0.0808261, -2.89323)

[node name="LockCategory" parent="NodeSpawner4" instance=ExtResource("3_owdbc")]

[node name="NodeSpawner5" parent="." instance=ExtResource("6_4exd3")]
transform = Transform3D(1, 0, 0, 0, 1, 0, 0, 0, 1, -7.48302, 0.988811, 1.63257)

[node name="LockCategory" parent="NodeSpawner5" instance=ExtResource("3_owdbc")]

[node name="NodeSpawner6" parent="." instance=ExtResource("6_4exd3")]
transform = Transform3D(1, 0, 0, 0, 1, 0, 0, 0, 1, -9.98658, 0.988669, 2.13004)

[node name="NoteCategory" parent="NodeSpawner6" instance=ExtResource("8_b2dvn")]

[node name="DonutCategory" parent="NodeSpawner6" instance=ExtResource("7_555ks")]

[node name="NodeSpawner7" parent="." instance=ExtResource("6_4exd3")]
transform = Transform3D(1, 0, 0, 0, 1, 0, 0, 0, 1, -9.315, 0.988028, -0.158637)

[node name="LockCategory" parent="NodeSpawner7" instance=ExtResource("3_owdbc")]

[node name="DonutCategory" parent="NodeSpawner7" instance=ExtResource("7_555ks")]

[node name="NodeSpawner8" parent="." instance=ExtResource("6_4exd3")]
transform = Transform3D(1, 0, 0, 0, 1, 0, 0, 0, 1, -3.98966, 0.077199, -4.50883)

[node name="LockCategory" parent="NodeSpawner8" instance=ExtResource("3_owdbc")]
